-1.0347555010178497
1.2828688170157716
1.8696430346481963
-1.1192022917329858
0.798840679293389
0.3176875656692099
1.0484504633281875
0.8352744258341509
-1.1378931760831643
1.9504521462365938
0.003027057770828763
1.0830731884377978
-0.8087593780023374
-0.819124649825915
0.4502514685994113
1.6561229995975055
0.6986024530833647
0.6317732565059769
-0.7539636191681554
0.09599647684864487
0.5185056712604671
1.6270505601198682
0.2201300147500571
-0.32534676740331586
-0.3289389497809997
1.0720659862688156
0.08855518819152308
-1.1689482534881028
-1.6179056911156633
0.38352778797683007
0.036858014336112105
-0.11108319318034217
-0.1272364345836036
0.6011415012874156
-1.523013712033503
-0.5651351870252344
1.2912240776190549
0.27430088619759796
-1.372791180395571
-0.5263571730149631
-1.3162374624964266
-1.3231803363768806
0.8044998005155874
-1.1640835005327455
0.9099165766065256
0.4854501468798985
-0.7368868327169057
-0.27960348184838896
0.8684991325710799
0.9583014650344712
-1.1325801279269627
0.5520259779218086
-1.070301573715165
1.7571978714026677
0.4928566214951531
-0.6803599380857734
-0.644375049967094
0.5237322859703032
-0.5811837521450891
-0.2129890664856797
0.8556597059453294
-0.03921709679383018
-0.6489257836195346
-0.6150752306359099
-0.9522527634687966
-0.550548571380667
0.17939128607326219
1.4498467391524708
2.0677683870333143
-0.6102364350303875
-0.19657983850702576
-1.0783647099968063
-0.8891474172952344
-0.3298794080608981
1.025369622344626
1.8468333456354626
-0.2703735133402951
-0.07599759619431239
-1.1620952413191474
-0.14890297073270964
0.5792784559693294
0.12948915751096793
0.40943277901462466
-0.9099074552860855
-1.164511204307734
-0.3931922790231387
1.5422573979019325
-0.05038318727329527
-0.22179313215427846
1.070649291955113
-0.9573193646520148
-0.6854850943904396
0.6641938564803374
0.5441275344539089
2.7664457752702414
0.3472958836742258
-0.09311139988301848
-0.3464965519934715
0.9977505270366976
-0.32332526344479384
-0.8939840418617943
-0.9542928008590422
-2.0571305406748404
1.5517352539104945
0.05096561710122989
0.4282484114737679
0.6561584513779846
0.951846290751954
0.45591088542000996
1.2882821634457284
1.0176172560238343
-0.40466373249390847
0.10380391987072712
-0.28944894843434715
0.8326898023932268
0.14261181188794506
-0.05318669355546143
0.33989419312859853
-0.11395491380184812
-0.0828898689705958
2.0330543302215087
-0.4904150726769332
-0.15573318509234063
1.5905269170821643
0.24993143838034027
1.593712784222285
0.9650441795348426
-1.2294654503086593
0.6057048425172732
1.2227741484623589
-0.6938069392528231
-1.2280669978582641
0.28990305098098623
0.18950914410805184
0.05120369077147365
-0.4668159100186261
-1.0977257821713848
-0.5283445717201612
-0.48213673389095335
0.0738284503513322
-0.331535834496719
-0.9602488968531523
-0.13626944853291717
1.0760920026934206
-2.1797582684329413
1.076773772796385
-0.08880766200506852
-0.2392114336503968
-1.1787714010747103
-0.5598856074185712
-0.3090598475470856
1.0559434220537693
-0.5354253394648755
1.8522801628330345
-0.9246662904439108
0.8745016961599167
-0.6998836494828301
-0.7676210725016208
0.1207082470990608
0.41932271375276775
0.019890504952907992
0.42522154262130873
-0.8672253875351406
-0.5180705420368525
-0.41651426981530765
-1.5881498652166037
0.002718530793360692
0.4626313830672464
-0.8895757529150031
1.9575363577054627
1.233687304607362
-0.415031825797707
-0.15855548200926828
-0.11164219310486885
-2.3724459869240295
0.05791202671262171
0.6023106682017909
2.1090088655744785
0.47988509400723584
2.270995374662081
2.070252045635373
-0.23702444933795871
0.1722781311631346
-0.021324890414833562
0.41635474100239006
0.30333428660871153
0.1742303968151483
-0.5632019238164612
0.9651483354507073
1.2468946087100472
0.8229708836921643
1.4556795689812918
-1.8594049404195943
1.3704452020090419
0.8205065257934557
1.3705838152072096
0.00895331398201649
-0.13888709558251683
-0.32585329100361954
-1.4907301243140316
0.20815518440438993
-1.5148323422628356
-1.605714396158284
0.6861386274474314
-0.43401571785650195
-1.2175508195343057
-0.5476032034415282
-0.7439898432625374
-0.24945874078945623
-0.41551229308092
-1.7582820578702656
-0.5249840120543109
0.5448350552562939
-2.1350585772926682
-1.047413430384359
2.0811210490724728
1.0874738380622349
-1.601075232167458
1.7628723894302032
-1.2252248141233508
1.36245625944553
0.6603920922202055
0.030798840996405254
-1.4614768353208845
-0.13693396498593774
-0.4559358077972958
0.7507110769815902
-0.8650119784441218
0.3576002778088876
1.0553535754585204
-0.02155359761013477
1.8402916161784362
2.048964914625759
-0.07076246353148143
-0.44067657688186734
1.6087985626461982
0.9082668709011167
-0.917653834650739
-1.6241551722730196
0.5382193004407015
-0.8605617303105155
-0.47164901528386666
-0.7268184342009162
-0.2261579408507069
-0.3778071037934191
-0.4630187701235672
0.4435024605063904
-0.818929470989733
-0.004952372259519538
-0.5747030120118237
-0.3209306311808833
1.3255729123761433
-1.0593406468912936
1.7878408444233311
0.41906081686724994
-0.6973526981652415
0.4334322778844591
0.69058618306999
0.3904121680441563
0.7914332390046317
0.654106729310022
0.12612871097338849
1.596332523754368
0.9280250994083906
0.7415138586322134
-0.35795615138323117
0.09577381237648579
2.1608202274782875
-1.2764621565606846
0.030825035933233425
0.9888020997517597
0.4379478709281328
-1.4109093057145976
0.9653560075748008
1.2770179548564649
-2.4940773037253865
1.095893382194437
2.006897522686867
0.881525190440309
-0.38858608057208854
0.11032005558458563
-0.29475000267332535
0.17539126425577653
-0.4350722811835719
0.5752540341087277
-1.1029683120657066
-0.40608469992271007
-0.6585042302724284
-0.5843055269606807
0.5633378530571881
-0.22849404870901932
0.036217229939155236
1.2838315058648415
-1.1404191687710485
0.8700398374354805
-1.1262625987527966
-0.08658484282531002
-1.0908027891661851
-0.815164761913475
-0.3999612946398632
-0.09969363611466937
-0.3517179536090185
-0.8796207874731493
-0.7446024492565936
-0.04182487442779775
0.16511791292410116
-0.6920631744690094
-0.40644459224745916
1.1334424480305154
2.23949080731646
0.29381755438467055
-0.149046251970909
-1.16339613840469
0.49179066708184005
0.008486124364399715
1.1861650266630122
-0.8665770469739532
0.43071002122530744
-0.4476512577530884
1.2007587381465776
-0.3701853638913667
-0.13582465173645236
0.8028633097155512
-0.34462848114805084
1.1213313212239282
0.6243294370073262
-0.339903044145265
1.2504320445537045
0.2748417751939997
1.0071372460350272
-0.6910343546495568
0.8222373165751965
-0.21283982794603734
0.369352919801608
0.4495346178099759
-0.6731595989818612
-0.12875948782687754
1.189012319916571
-0.7406729727660099
-1.1151241753365182
-0.718291713252309
0.8561685717774564
-0.32277770172901454
-0.4428160417637852
-0.77548406885214
0.7749893089259217
-0.4387202270319047
0.1014375565004589
0.4011602025681813
1.7485985057511002
0.1440047719225371
1.1729903114906621
-1.1803479071852343
-1.0378877072023542
1.2824980500930765
-0.3179152163784296
-0.9494761468028624
1.0594845455028459
-0.6537873391848139
-0.4906169509282753
0.3042087235707549
1.8690099478099373
0.532600848380527
0.3897726956038895
0.11571050550331621
0.04540967957978998
0.44750611319912054
0.8998709642333691
-0.5948687158928213
-0.7000065976953698
-0.303419125687036
1.2494117136024492
0.6720385917057603
-1.7799882390346065
0.1025039137585401
-0.11683637798281479
-0.9864167365773746
-1.1327659309129603
-1.9734391355587229
1.6438943767242908
-0.7550526602644954
-0.4454002661905716
1.0904027451696878
0.3716228755552211
0.032287229999985664
-1.8325918644822592
0.3761016045759489
-0.21559857040387603
0.6958134808052104
0.37792334935160615
-0.6723755987559684
-0.7592413236963884
-0.4617543918532881
-0.3246691287015744
0.8566595293057777
-1.3031801422890628
1.7285966292177914
-0.04407259416830576
0.7614080729188548
1.5640254097451987
0.14737956115765105
3.2200527868971225
0.06631420539076517
0.2537516350689112
-1.471333570794244
-0.7330528127408703
-0.3408058036226489
-0.5807558700718356
0.8476108715329452
0.12169543006863667
-0.9452842519321143
0.32304935749397834
-0.6518747545967981
-0.8897023091812172
0.9404514733217241
1.0698593827907472
2.290835480544663
-1.2871943390073846
-0.6693174057072037
0.453849641016526
0.2506721553645742
2.496185550554058
1.5563519773630723
1.5644246077034056
1.2165919000269838
1.4766968688679747
1.3258115318136994
-0.5500447121727815
-0.3257937683229116
-0.3414259495109513
0.6017931957502917
0.44610240684009517
-0.9727993116860454
1.367535972661551
-0.8897287151478602
0.14537306056991137
1.592045878975574
-0.689107530267496
1.0274779930288396
-0.7356013013579978
-0.04192661478893947
-0.18890561691271593
0.6926088753857023
-0.3728972406430115
0.7659084012604958
0.3095457258473485
1.2349270145320463
0.6957856165543477
-0.12178897323267464
2.745037540765823
-1.5475662466964144
-0.7209321828996195
-0.3742378533567819
-1.0586079632462762
0.3211308846436863
0.9408233091719949
1.0882848550029094
0.5485637515275661
-0.26616177718974254
-0.8486391998624836
1.0691311226660476
-0.7593386019252499
2.586054529362393
-0.5702274931983152
-0.8622185163877965
-2.535682886179699
0.6081137985317502
0.6219902952789813
-0.19598543901357676
-1.0649347446695498
0.1731250248332386
-0.7082537093605784
-0.19049951121947414
0.5324941828573383
0.08454016575025348
0.39847594610718884
-1.2011651236518595
0.926238195758867
-2.4342822239358677
-0.3440349609802495
0.23783901139451757
-0.2747200648066304
-1.9581818359872551
0.654215590320888
-2.547368046366218
0.5861772417230687
1.55412901861621
-0.5089266018966986
-0.34313735968981013
-0.31247082206843557
0.01796649412764194
-0.8144510972240802
0.48312521617055487
2.5999223098311086
0.8268693446404936
1.9695965785025258
0.914865060988381
-0.617515018639273
1.6725473638100101
0.4840783733996017
1.3147627923317355
0.7690302339352404
1.3749086996674833
-1.4870048229665414
-1.3242916862274126
0.3297783588374457
1.1083731204789429
1.7991093955116308
1.5909026378476212
1.0396826874836214
0.3467798813060205
-0.28831809629946353
0.05636880142029513
-0.037542927837660514
-0.8379369235145638
-1.146600682782111
0.34456301237109555
0.9295531206383351
0.4747334894045945
-0.39931421768191705
-1.310189474125517
-1.6578453763346965
0.39635025593234346
-0.5417136337096382
-0.6781336127261339
-0.7099488903332298
-1.2040378726096594
0.6394289823103548
0.7271273932912822
0.11387228267979341
1.0044360037584052
2.2064028105900566
-1.1236828094720883
2.0435563289925573
-0.24346592116475996
0.4292467363932543
-1.0563067692783008
1.1539023217161772
0.028827327672470694
-1.3179885002125056
0.7059323400054773
1.7499925560784542
0.40477089551628065
0.19608873076229755
-0.801179301935419
0.9823691799048738
1.421278566211291
1.4682881585867331
0.9571724423059238
0.4965914560493473
-0.6204446875774351
0.5486926190082103
-0.41555399994164705
2.4904697492676506
-0.9775351213689819
-1.1406203139321436
-0.25667558247126726
-0.5979058899136392
0.9615060193959307
1.30379508550028
-0.27026725859561046
0.03715447662914172
1.351139585124958
-1.4628499891896845
0.770772327283512
-0.9208098030523371
-0.7073040304343687
-0.9503686578470899
-0.41935326411958174
-0.05317837959848377
0.10138811672125958
0.7618050693806155
-0.0850545650057273
-0.16418276395678874
-1.1597898933120543
0.6164527028875318
0.018696438488381602
-0.26922922674292527
1.5253697310540049
1.3651550173744258
1.099514381748644
-0.5274756947342454
0.7807807307316423
1.4324886964068635
1.1396367699159975
0.7163858951114033
0.592824994908964
0.4902369063566713
-1.5697902531168948
-0.7041734779345342
-0.5009980652811117
0.05253713261630573
-0.25529386597549203
1.2438020239071355
-1.3945034382949666
-0.6766185529251028
-2.296962924249667
-0.1784669288849371
-2.2642309312469093
1.0469864505007611
0.3248581690483014
-0.330666179474284
0.4814243171513841
0.18041736455575885
-1.549953902220864
-0.2965434328755603
0.06577073129346558
-0.41771997229924146
0.9153509720069525
-0.30856985095735534
-1.280933951025335
0.5748861933146301
-0.3432896575578938
-1.104026220095128
-0.3310895742730504
-0.9421365785673942
-1.2204779202719522
-2.0253556869037346
-0.08571252940590801
-1.6067169585840273
-1.0342698789446512
0.14835528085832575
-0.4737244246372487
-1.0928262104023871
-1.432117214485949
0.6987749352138668
2.4922444729125406
-0.34481649217765853
-0.39276958483194413
1.2271402213184908
0.2189316497793953
-0.6431410448215807
0.471245289111464
-0.08084547971195906
-0.4329603175577462
-0.08250163015849475
0.8627072022696851
-0.42847643908025806
2.7632563992193893
0.730431874444226
-0.05294287241033438
1.1735890630392474
-0.9322977771716233
-1.054256722409024
-1.5307083954697884
-0.4729320137723671
0.9479251723772892
1.4856234599588158
-0.07673084032676014
0.6448712996347059
1.2606881652677862
-1.8291437510002815
0.8973061253574242
0.9842598688152241
-0.20115270882777272
0.6106138862051509
0.49934525929537316
0.2745073776901641
0.3797559540307231
-2.4015483684419503
0.20282493340152222
1.0663437107891158
-0.10129959286730307
-0.6866442087018733
1.4281289558627506
1.0939000051373697
-0.04728031186591386
-1.272959333444079
-0.5653441074419315
-0.023234474001373275
1.3631034830911177
0.06196630972133924
-0.25310147163598923
-1.079239844723555
-1.712848546784892
1.0381794914629254
-0.2766068841490447
-0.5409645967968226
-1.0206776520236516
-0.1379917789484389
-0.2624561255242631
-0.6137457181069951
-0.4192595924159648
1.4904612579162912
0.027466851471658497
-0.3163759211269619
-0.13861733244532687
0.9789878360575863
-0.17072608253008928
0.23055666341083467
-1.6956045529120547
-1.032706685659599
-0.9538153138891857
-0.8946579321814416
-1.2994023097542464
0.06502904097632908
0.09547227800703936
-2.5565641901047864
0.2392272094399322
0.4834816196513009
-1.3044926258040057
2.186678636279031
1.039770825527041
-0.31500796024050587
-1.2051643317836724
0.8693980452621816
3.5308083642977612
0.6208004314053013
-0.6978507461435497
-0.13153966864371744
-0.005020239293737777
0.37544417584033873
0.02452303460879166
-0.22152590679457826
0.23124965360424035
0.14947713697766796
-1.0433669871791211
-0.9292794416474681
0.5847480452647424
0.5009804323271383
-0.751839227247134
1.5418569906264399
-1.110232481639234
-1.0170373862076938
2.5261082096901424
1.2523193255705165
-1.1355792055559621
-0.7043492649454806
-0.2686404276693608
0.6942838205603546
0.23078423331672931
-0.5440030437130655
-0.2876846141175136
-0.2158748149651228
-1.1509394050979629
-1.3410454963498173
-1.1883421940490513
-0.369299418117284
-1.5179293847150432
-0.5084788033008169
-0.12208163214662415
0.16309270119029604
-0.8386003220590782
-0.7013954914840097
-1.1267997648608357
-1.614231417324538
-1.9160626341593456
-0.44577434371853336
0.0722808694907804
0.30147773706375713
1.4319418992718362
0.7760032896423691
0.4744809102251914
-0.44827959294577474
0.7693529492488784
0.5201045098629238
-0.3967398774616933
-0.8665003002466366
-0.19474701548402884
0.05760125762378037
-0.8098176293247471
-0.6942145624068273
0.2260728945070849
0.8612827793040283
0.04058478775204191
0.46418985055045947
1.1310887153026035
0.5724524240383239
1.2645187664768263
1.1663266858348535
0.35497126180223787
-1.071717199815232
-0.002306621349865616
0.06749264650940742
1.3127893934815036
-0.31427545013455643
1.1051733647305502
0.569901747312868
1.7591180029110385
-0.14272940841852416
1.2177962437615688
-0.5263034853522205
1.035898167837603
0.15411025525115285
0.7170308855618295
-0.9510595970997477
1.0544011546102592
1.4272474307161533
-0.31620521083146663
-1.3435854579284432
0.3688336990508575
-0.20235261628690196
0.10383620663005971
0.6555653377232961
-0.12376082576934014
1.452612708799211
-0.3889418180336477
-0.239694478755006
-1.6912011051489702
1.0263597837177827
-0.9841301352715923
-0.031890467164854115
1.5352139061651662
0.2524115195622763
-0.06560476613169244
0.32831818617977704
0.19790034618840693
0.6297842572107971
-0.4183273260895303
0.02388850342631733
0.4048462601652357
-0.40221641404599373
-0.649204881922762
-1.307265899383963
0.0968140599691962
-0.19007534190074052
-2.0438915591870424
-1.0874289486685347
-0.9754124106907859
0.12887984312159434
-0.0739810621289533
0.21036149018942898
0.025589109582262785
0.7538484810507683
-1.0049961781861956
0.2721785099021816
1.096643470356737
-1.040493966193016
-1.0584948727187116
-0.1681068553435427
0.2437493544360668
-0.5177246839384162
0.7339150980642911
0.8906568564563254
-0.10732349929245999
1.0493153351181677
-0.3341039388417486
-0.9600457858310135
0.08872738039279295
-0.5509640756475651
-1.32876395901374
-0.3535699557347847
0.5948192921139603
-0.08764544823660483
-0.1058422964704907
0.8514818607021966
0.4035249330866834
-2.1690229949399233
-0.7624614853772539
0.48182972063405527
-0.21732557115703216
-0.13780203679348
0.5323846132006897
0.8569885131816148
-0.4256531118000443
-1.7126544470781742
-1.294980216220055
-0.2540850153619732
0.4989953011456929
1.3260749772825344
0.9786473229645168
0.4696141483077641
-0.3720987568415418
0.9036002485452036
-2.243736729639884
0.15209185650568463
-0.888467724157883
-1.5137178351560485
0.6874873356714581
-1.9370207978699077
-0.35551187017701935
0.7256811795652671
0.5558778202416321
-1.7253431346364736
-0.03868948920548724
0.40422774275703477
1.003434832664549
-0.7082854642322028
-1.1280620400472605
-0.3577157125664533
-0.7211485856966715
-0.7030934694848113
-0.31932399523964594
-0.9656658625801507
0.755011266482271
0.5635676703381477
-0.8288725873319484
-2.503438864603302
-0.1603023978924328
-0.683389395967913
1.2885772409118796
-0.9648533178697538
-0.6679076764912781
-1.1538460037676825
0.0120961314403641
-0.9720432728346616
-1.7561594058364036
1.1420963592139144
-0.7318876951412768
1.1775073762253427
0.6770482556370412
-0.18044789740139736
0.17720840921340134
-3.5699488176895473
1.479310939086324
-0.5320178113467101
0.09949038221835035
0.0981164333117117
0.8428494599180865
-0.9930534169982559
-1.3135635990081704
-0.9378359091139202
-0.02791046460760421
2.246414685191032
0.342303661928297
0.6656877342421732
-0.8008624051829654
-0.33117337888216886
-2.0323248845584216
0.5583539273679019
0.5864835588669666
0.8876996985480103
0.7760754032591346
-2.376797315472657
-0.2218765570653598
-0.15284062998724718
-1.6809972873379972
-1.0077799073093627
0.265842835369425
-0.6650327397795998
0.41314625571880415
-0.7261171796469499
0.3719774480249291
-0.30178340025689576
0.518686256316082
1.3687507376096453
-0.6407893187640982
-0.16553657148516943
1.665890821834146
-1.0641625574214826
-0.056389207062311895
-1.0508211816716897
-0.4584779627530652
0.6619150510949962
0.16853004962482346
-0.7387070266578399
1.6715315229564154
0.2672313989584785
0.030608888008772307
-0.3783048936818641
-0.9164912552399231
0.32776536587632504
1.416827719542359
1.479014718676976
-0.32535511971595354
0.1612660970959567
1.7886079572292826
-1.275154918248358
-1.6921648035974142
1.1804525277808757
-0.6811743329220825
1.1838165809781513
-1.0443087505739226
-0.6911175298877659
0.24485286633168718
2.23004673843445
0.04809201750005183
-0.18996065045226262
0.7251178942444975
0.48320463737410185
-0.7249380973112381
0.2772429909815915
-1.1549282049922178
-0.6023712850930576
-0.7595548905101819
0.2930709734645874
0.8820861041271817
1.074766514539324
-0.8255267616484464
0.6111648821976918
0.5366047982206202
0.7034323955665639
1.4422577323867058
0.5939345134136268
-0.467638352334234
-0.5245092896764486
0.1314571820801236
0.2771229914127368
0.17195557624439733
-0.7279039829803353
-2.216952822752695
1.6700593695540493
-1.3265072728351524
-0.8052807257083079
-0.05525427859431371
-0.47497771300039304
-0.6180355931321239
-0.7088181571627475
0.06894865802408315
-1.014922835116318
